36,6
36,3
14,5
35,4
35,1
35,3
39,35
3,2
3,1
3,3
10,82
10,269
10,89
10,196
10,314
10,76
10,296
10,125
11,11
11,17
11,10
11,22
11,5
11,24
9,6
9,4
8,16
8,12
8,6
8,10
8,4
36,10
36,9
36,8
36,1
34,191
34,190
34,189
34,188
34,187
34,186
34,185
34,184
34,183
34,182
34,181
34,180
34,179
34,178
34,177
34,176
34,175
34,174
34,173
34,172
34,171
34,170
34,169
34,168
34,167
34,166
34,165
34,164
34,163
34,162
34,161
34,160
34,159
34,158
34,157
34,156
34,1
34,155
34,154
34,153
34,152
34,151
34,150
34,149
34,148
34,147
34,146
34,145
34,144
34,143
34,142
34,141
34,140
34,139
34,138
34,137
34,136
34,135
34,134
34,133
34,132
34,131
34,130
34,129
34,128
34,127
34,126
34,125
34,124
34,123
34,122
34,121
34,120
34,119
34,118
34,117
18,1
34,116
18,3
34,115
34,114
34,113
34,112
14,1
20,3
14,4
20,2
14,3
20,1
19,3
13,1
19,2
